Крондекс: 
1770824572319000424
57702352454180005950000
87707274249180010780000
1519004284818000063
1519380014418000025
1519002365118000028
55190042848170000270000
1519004284817000177
1519004652117000191
1519216003617000015
1519216003617000006
54714004270170000520000
57702352454160014810000
87707274249160007560000
1519216003616000092
1519004652116000139
1519216003616000029
87707274249160001810000
1519216003616000006
57702352454150012460000
1519216003615000071
1519004652115000009
87707274249150002850000
0349100006811000006